P-value matrix:
0.479500122186953 0.222239054901058 0.0246023499536417 0.293417862229119 0.454707237302737 0.637197256708759 0.106982139427771 0.0455002638963585 0.115407931978087 0.0823472811135657
0.945815273670587 0.411394757831041 0 0.727564952459421 0.485498802644282 0.121193184401576 0.376579313202682 0 0.116083133738655 0.303483664024842
0.0253473186774683 0.0344263357163713 0 0.106501801510212 0.280748802948155 0.498679281465346 0.0176767254458422 0.952847576564953 0.774072532397364 0.139649398610429
0.432767580667785 0.23424545298177 0.479500122186954 0.186525455786851 0.935774145836325 0.624025129921492 0.193163467213772 0.189899458503641 0.0176767254458422 0.988260478108847
0.259089005980697 0.266464292215694 0.983503416653526 0 0.734516662154656 0.528687886041983 0.502423235983792 0.0574088522753389 0.0253473186774682 0.701512089915247
0.0268830685440037 0.634323243199205 0.157299207050284 0.0344263357163713 0.301755334828972 0.113846298006658 0.0447609301094781 0.660807785281732 0.0253473186774682 0.0100632703746348
0.246680263071705 0.0344263357163713 0.242083354029331 0 0.886403006367064 0.383427496471171 0.376579313202682 0.0574088522753389 0.0493544021361995 0.309136432858307
0.246680263071705 0.482116858095283 0.10983086614129 0.148867766586121 0.952635737458433 0.343067123231169 0.450351343584874 0.561435445173254 0.935774145836325 0.977032358114451
0.307228409730697 0.300002846710972 0.774072532397364 0.548332465235009 0.105084213336519 0.318929874369145 0.987598481637094 0.0248405335736139 0.450351343584874 0.386476230771233
0.705456986111273 0.770919525845521 0 0.0700625863248378 0.0224216368943235 0.0331256547892564 0.857177291262106 0.293417862229119 0 0.0475766509428883
Mean:
0.364797144220588
Standard Deviation:
0.304079269405036
Chi-Square Matrix:
0.5 1.48985438052041 5.05166051660517 1.10387230893908 0.558891454965358 0.222426470588235 2.59824475865432 4 2.47855917667238 3.01795429815016
0.00461893764434183 0.674766355140187 0 0.121359223300971 0.486486486486487 2.4018328242155 0.781838949171902 0 2.46938775510204 1.05882352941176
5 4.47340425531915 0 2.60537739812351 1.16346153846154 0.457745978345851 5.62790697674419 0.00349650349650347 0.0823988298391029 2.18181818181818
0.615384615384615 1.41489523616255 0.5 1.74485012192218 0.00649350649350653 0.240250664983545 1.69332327423614 1.71839745444027 5.62790697674419 0.000216497077289463
1.27361818894551 1.23485829233803 0.000427533133817868 0 0.115004778591908 0.396912899669239 0.449814126394052 3.61070285379379 5 0.146903637878367
4.89830508474576 0.226243596099818 2 4.47340425531915 1.06642066420664 2.5 4.02762430939227 0.192543835389126 5 6.62366213479896
1.34200743494424 4.47340425531915 1.36842105263158 0 0.0204081632653061 0.759683794466403 0.781838949171902 3.61070285379379 3.86325802615933 1.03436167420299
1.34200743494424 0.494071146245059 2.55665328805187 2.08381436157931 0.00352802822422582 0.898936170212766 0.569767441860465 0.337224923739931 0.00649350649350653 0.000828843762950691
1.04255319148936 1.07418151678409 0.0823988298391029 0.360312981015905 2.62663495838288 0.993329912775782 0.000241604252234838 5.03496884550688 0.569767441860465 0.75
0.142857142857143 0.0847813240732748 0 3.28155339805825 5.21276595744681 4.53927315357562 0.0323886639676114 1.10387230893908 0 3.92487769573901
Mean:
1.76148948281172
Standard Deviation:
1.77013718136136
P-value matrix:
0.502423235983792 0.183100505095764 0.196602247634338 0.391945113340644 0.320901593063917 0.72718097777236 0.694886602372474 0.0405175279948482 0.1439023723891 0.343067123231169
0.157299207050285 0.189899458503641 0.485498802644282 0 0.515082278709643 0.0745723539112222 0.0176767254458422 0.0595951166294501 0.782176825525589 0.615134347270081
0.1439023723891 0.0578748557909134 0 0.0100632703746348 0.0176767254458422 0.858859605305878 0.479500122186953 0.502423235983792 0.912244613126852 0.074572353911223
Mean:
0.33923498461013
Standard Deviation:
0.282470001592317
Chi-Square Matrix:
0.449814126394052 1.77227722772277 1.66743648960739 0.732899022801303 0.985268326902841 0.121715788617445 0.153846153846154 4.1960803839949 2.13572542901716 0.898936170212766
2 1.71839745444027 0.486486486486487 0 0.423728813559322 3.17939461260761 5.62790697674419 3.54861660079051 0.0764430577223089 0.252765719086962
2.13572542901716 3.59726086026107 0 6.62366213479896 5.62790697674418 0.0316220964278743 0.5 0.449814126394052 0.0121457489878543 3.17939461260761
Mean:
1.87804538663547
Standard Deviation:
1.89846213090489
P-value matrix:
0.808365155914511 0.431510174529854 0.450351343584874 0.106501801510212 0.0253473186774682 0.20720462164434 0.450351343584874 0.88958966771909 0.782176825525589 0.0475766509428883
0.246680263071705 0.424380588342379 0.0253473186774682 0.937435562558642 0.246680263071705 0.189899458503641 0.20720462164434 0.847322002982586 0.428617266371838 0.343067123231169
0.280748802948155 0.189899458503641 0.376579313202682 0.0405175279948482 0.450351343584874 0.559583699775243 0.317310507862914 0.945016342090758 0.693892517624614 0.289915109687886
Mean:
0.407980799845493
Standard Deviation:
0.283168208773507
Chi-Square Matrix:
0.0588235294117646 0.618755370074874 0.569767441860465 2.60537739812351 5 1.5908507909363 0.569767441860465 0.0192719486081371 0.0764430577223089 3.92487769573901
1.34200743494424 0.638152522456134 5 0.00616121729829518 1.34200743494424 1.71839745444027 1.5908507909363 0.0370702924576706 0.626567265333785 0.898936170212766
1.16346153846154 1.71839745444027 0.781838949171902 4.1960803839949 0.569767441860465 0.340425531914894 1 0.00475636824859951 0.154903758020165 1.12001553124931
Mean:
1.30945774049075
Standard Deviation:
1.4415477610887
P-value matrix:
0.641938220405063 0.805540588667494 0.106982139427771 0.0444773385064274 0 0.509423158589856 0.785736537959913 0.138869464624906 0 0.122998852102143
0.0268830685440037 0.0176688791415421 0.376579313202682 0.498679281465346 0.734516662154657 0.108230839558506 0.617075077451974 1 0.782176825525589 0.0143058784354296
0.641938220405063 0.654720846018577 0.35183572722835 0.0475766509428884 0.1439023723891 0.464172479468189 0.0176767254458422 0.074572353911223 0.886403006367063 0.394033899001488
Mean:
0.39317551453361
Standard Deviation:
0.318714161591395
Chi-Square Matrix:
0.216216216216216 0.0606060606060605 2.59824475865432 4.03834808259587 0 0.435251798561151 0.0739030023094688 2.19044194922286 0 2.37871287128713
4.89830508474576 5.6286852148902 0.781838949171902 0.457745978345851 0.115004778591908 2.57986577181208 0.25 0 0.0764430577223089 6
0.216216216216216 0.2 0.866825208085612 3.92487769573901 2.13572542901716 0.535814617561412 5.62790697674419 3.17939461260761 0.0204081632653062 0.726457399103139
Mean:
1.85974962566936
Standard Deviation:
1.99047299450601
P-value matrix:
0.641938220405063 0.805540588667494 0.106982139427771 0.0444773385064274 0 0.509423158589856 0.785736537959913 0.138869464624906 0 0.122998852102143
0.0268830685440037 0.0176688791415421 0.376579313202682 0.498679281465346 0.734516662154657 0.108230839558506 0.617075077451974 1 0.782176825525589 0.0143058784354296
0.641938220405063 0.654720846018577 0.35183572722835 0.0475766509428884 0.1439023723891 0.464172479468189 0.0176767254458422 0.074572353911223 0.886403006367063 0.394033899001488
Mean:
0.39317551453361
Standard Deviation:
0.318714161591395
Chi-Square Matrix:
0.216216216216216 0.0606060606060605 2.59824475865432 4.03834808259587 0 0.435251798561151 0.0739030023094688 2.19044194922286 0 2.37871287128713
4.89830508474576 5.6286852148902 0.781838949171902 0.457745978345851 0.115004778591908 2.57986577181208 0.25 0 0.0764430577223089 6
0.216216216216216 0.2 0.866825208085612 3.92487769573901 2.13572542901716 0.535814617561412 5.62790697674419 3.17939461260761 0.0204081632653062 0.726457399103139
Mean:
1.85974962566936
Standard Deviation:
1.99047299450601
